x_domain_size 200000
z_domain_size 7000
x_pixels 256
z_pixels 64
z_offset 4000
vertical_exponent -2
outer_scale 50000
lognormal_distribution
variable_name iwc
long_name Ice water content
units g m-3
output_filename iwc19991227.nc
generating_level 9100
threshold 0.001
interp_height 4170.000076 4230.000019 4289.999962 4349.999905 4409.999847 4469.999790 4529.999733 4590.000153 4650.000095 4710.000038 4769.999981 4829.999924 4889.999866 4949.999809 5009.999752 5069.999695 5130.000114 5190.000057 5250.000000 5309.999943 5369.999886 5429.999828 5489.999771 5549.999714 5610.000134 5670.000076 5730.000019 5789.999962 5849.999905 5909.999847 5969.999790 6029.999733 6090.000153 6150.000095 6210.000038 6269.999981 6329.999924 6389.999866 6449.999809 6509.999752 6569.999695 6630.000114 6690.000057 6750.000000 6809.999943 6869.999886 6929.999828 6989.999771 7049.999714 7110.000134 7170.000076 7230.000019 7289.999962 7349.999905 7409.999847 7469.999790 7529.999733 7590.000153 7649.999619 7710.000038 7769.999504 7829.999924 7890.000343 7949.999809 8010.000229 8069.999695 8130.000114 8189.999580 8250.000000 8309.999466 8369.999886 8430.000305 8489.999771 8550.000191 8609.999657 8670.000076 8729.999542 8789.999962 8850.000381 8909.999847 8970.000267 9029.999733 9090.000153 9149.999619 9210.000038 9269.999504 9329.999924 9390.000343 9449.999809 9510.000229 9569.999695 9630.000114 9689.999580 9750.000000 9809.999466 9869.999886 9930.000305 9989.999771 10050.000191 10109.999657
u_wind 12.980615 13.615019 14.249424 14.883828 15.719829 17.053418 18.115536 18.205722 18.295908 18.386094 18.476280 18.566466 18.655739 18.563462 18.471186 18.378909 18.286631 18.552358 19.880439 21.284803 22.689167 24.033490 24.856802 25.680113 26.503431 27.326742 28.150054 28.973365 29.796676 30.619988 31.443299 32.266611 33.110137 33.968903 34.827668 35.686433 36.545198 37.403964 38.262729 39.121494 39.980260 40.839032 41.697797 43.880751 46.451827 48.006443 49.052827 50.099210 51.105583 51.788218 52.470847 53.153477 53.836107 54.518736 55.024745 55.419406 55.814066 56.208730 56.603387 56.642738 56.571925 56.501110 56.430296 56.359482 56.288668 56.217854 56.147040 56.076226 56.005412 55.815990 55.584891 55.353792 55.122696 54.891597 54.939134 55.021110 55.103084 55.229917 55.446465 55.663010 55.879558 56.096103 56.312652 56.529517 56.748247 56.966974 57.185704 57.404435 57.623162 57.807678 57.927714 58.047752 58.167788 58.292932 58.467683 58.642437 58.817190 58.969662 59.122136 59.274607
v_wind 3.140648 2.997072 2.853496 2.709920 2.215226 0.853890 -0.413970 -1.347176 -2.280374 -3.213571 -4.146769 -5.079967 -6.014625 -7.239822 -8.465020 -9.690218 -10.915425 -12.965705 -13.187215 -12.474757 -11.762299 -11.076029 -10.617007 -10.157985 -9.698959 -9.239937 -8.780915 -8.321893 -7.862871 -7.403849 -6.944827 -6.485805 -6.064064 -5.670452 -5.276840 -4.883229 -4.489617 -4.096006 -3.702394 -3.308783 -2.915171 -2.521557 -2.127945 -0.995244 0.354085 1.178187 1.739674 2.301161 2.789702 2.688009 2.586318 2.484626 2.382934 2.281242 2.029350 1.682766 1.336181 0.989594 0.643012 0.518263 0.462295 0.406327 0.350359 0.294391 0.238423 0.182456 0.126487 0.070520 0.014552 0.182845 0.429938 0.677031 0.924119 1.171212 1.647776 2.152709 2.657635 2.961881 2.864750 2.767620 2.670488 2.573359 2.476227 2.366542 2.183800 2.001061 1.818320 1.635578 1.452840 1.448806 1.781561 2.114321 2.447076 2.765097 2.939942 3.114790 3.289635 2.997927 2.706214 2.414506
mean 0.000000 0.000000 0.000000 0.000263 0.000428 0.000822 0.001628 0.002988 0.005630 0.010144 0.016867 0.025953 0.037796 0.053263 0.073588 0.100096 0.133621 0.152767 0.143776 0.142178 0.144457 0.148045 0.151620 0.154773 0.157512 0.159952 0.162198 0.164324 0.166340 0.168158 0.169597 0.170455 0.170588 0.169968 0.168690 0.166939 0.164928 0.162835 0.160762 0.158748 0.156807 0.154954 0.153183 0.151446 0.149668 0.147798 0.145854 0.143907 0.142024 0.140248 0.138595 0.137064 0.135600 0.134083 0.132333 0.130170 0.127477 0.124238 0.120537 0.116516 0.112326 0.108104 0.103976 0.100091 0.096641 0.093839 0.091863 0.090782 0.090497 0.090732 0.091086 0.091130 0.090507 0.088995 0.086550 0.083350 0.079781 0.076303 0.073244 0.070592 0.067901 0.064473 0.059920 0.054632 0.049574 0.045584 0.042618 0.039007 0.031823 0.020624 0.010088 0.004038 0.001587 0.000724 0.000406 0.000263 0.000000 0.000000 0.000000 0.000000
horizontal_exponent -3.416702 -3.416702 -3.416702 -3.416702 -3.416702 -3.416702 -3.416702 -3.416702 -3.416702 -3.416702 -3.416702 -3.416702 -3.416702 -3.416702 -3.416702 -3.416702 -3.416702 -3.416702 -3.416702 -3.416702 -3.416702 -3.416702 -3.416702 -3.416702 -3.416702 -3.416702 -3.416702 -3.416702 -3.416702 -3.416702 -3.416702 -3.360945 -3.289427 -3.206752 -3.118550 -3.030512 -2.947308 -2.871788 -2.804732 -2.745191 -2.691250 -2.640891 -2.592655 -2.545955 -2.501027 -2.458685 -2.420021 -2.386185 -2.358219 -2.336928 -2.322710 -2.315358 -2.313890 -2.316472 -2.320505 -2.322881 -2.320388 -2.310195 -2.290349 -2.260165 -2.220409 -2.173186 -2.121531 -2.068783 -2.017909 -1.970981 -1.928952 -1.891759 -1.858689 -1.828841 -1.801509 -1.776397 -1.753619 -1.733539 -1.716550 -1.702866 -1.692420 -1.684857 -1.679623 -1.676094 -1.673697 -1.671990 -1.670687 -1.669637 -1.668778 -1.668095 -1.667578 -1.667213 -1.666973 -1.666827 -1.666744 -1.666702 -1.666681 -1.666672 -1.666669 -1.666667 -1.666667 -1.666667 -1.666667 -1.666667
standard_deviation 1.000000 1.000000 1.000000 1.000000 1.171236 1.380115 1.500000 1.500000 1.500000 1.500000 1.500000 1.500000 1.500000 1.500000 1.500000 1.500000 1.500000 1.412364 1.193988 1.021930 0.898146 0.814502 0.759503 0.722924 0.697487 0.678693 0.664011 0.652028 0.641860 0.632885 0.624739 0.617454 0.611546 0.607896 0.607368 0.610354 0.616554 0.625142 0.635191 0.646073 0.657664 0.670389 0.685200 0.703459 0.726523 0.754945 0.787674 0.821995 0.854584 0.883035 0.906682 0.926206 0.942667 0.956944 0.969824 0.982264 0.995366 1.010047 1.026640 1.044623 1.062622 1.078844 1.091944 1.101946 1.110644 1.121119 1.136570 1.159022 1.188581 1.223600 1.261545 1.299877 1.336442 1.369566 1.398409 1.423726 1.448390 1.476793 1.512640 1.555771 1.600447 1.638504 1.667746 1.699308 1.754845 1.851712 1.986047 2.126723 2.224608 2.232111 2.124845 1.916081 1.653716 1.396228 1.179913 1.000000 1.000000 1.000000 1.000000 1.000000
fall_speed 0.800000 0.800000 0.800000 0.800000 0.800000 0.800000 0.800000 0.800000 0.800000 0.800000 0.800000 0.800000 0.800000 0.800000 0.800000 0.800000 0.800000 0.800000 0.800000 0.800000 0.800000 0.800000 0.800000 0.800000 0.800000 0.800000 0.800000 0.800000 0.800000 0.800000 0.800000 0.800000 0.800000 0.800000 0.800000 0.800000 0.800000 0.800000 0.800000 0.800000 0.800000 0.800000 0.800000 0.800000 0.800000 0.800000 0.800000 0.800000 0.800000 0.800000 0.800000 0.800000 0.800000 0.800000 0.800000 0.800000 0.800000 0.800000 0.800000 0.800000 0.800000 0.800000 0.800000 0.800000 0.800000 0.800000 0.800000 0.800000 0.800000 0.800000 0.800000 0.800000 0.800000 0.800000 0.800000 0.800000 0.800000 0.800000 0.800000 0.800000 0.800000 0.800000 0.800000 0.800000 0.800000 0.800000 0.800000 0.800000 0.800000 0.800000 0.800000 0.800000 0.800000 0.800000 0.800000 0.800000 0.800000 0.800000 0.800000 0.800000
