x_domain_size 200000
z_domain_size 7000
x_pixels 256
z_pixels 64
z_offset 4000
vertical_exponent -2
outer_scale 30000
lognormal_distribution
variable_name iwc
long_name Ice water content
units g m-3
output_filename iwc19990624.nc
generating_level 9000
threshold 0.001
interp_height 6329.999924 6389.999866 6449.999809 6509.999752 6569.999695 6630.000114 6690.000057 6750.000000 6809.999943 6869.999886 6929.999828 6989.999771 7049.999714 7110.000134 7170.000076 7230.000019 7289.999962 7349.999905 7409.999847 7469.999790 7529.999733 7590.000153 7649.999619 7710.000038 7769.999504 7829.999924 7890.000343 7949.999809 8010.000229 8069.999695 8130.000114 8189.999580 8250.000000 8309.999466 8369.999886 8430.000305 8489.999771 8550.000191 8609.999657 8670.000076 8729.999542 8789.999962 8850.000381 8909.999847 8970.000267 9029.999733 9090.000153 9149.999619 9210.000038 9269.999504 9329.999924 9390.000343 9449.999809 9510.000229 9569.999695 9630.000114 9689.999580 9750.000000 9809.999466 9869.999886 9930.000305 9989.999771
u_wind 8.705501 8.788477 8.871454 8.954431 9.037408 9.120386 9.203363 9.273270 9.327202 9.381135 9.435067 9.489000 9.542932 9.596865 9.650798 9.704730 9.758663 9.812595 9.866528 9.995366 10.177708 10.360052 10.542392 10.724736 10.907077 11.089420 11.271764 11.454105 11.636448 11.818789 12.003677 12.191283 12.378891 12.566497 12.754105 12.941713 13.129319 13.316927 13.504533 13.684735 13.822966 13.961199 14.099432 14.237663 14.375896 14.514126 14.652359 14.790590 14.917104 14.938140 14.959176 14.980213 15.001249 15.022285 15.043321 15.064358 15.085394 15.106430 15.213456 15.425587 15.637717 15.849844
v_wind -1.208242 -1.274007 -1.339771 -1.405536 -1.471300 -1.537065 -1.602830 -1.585948 -1.468055 -1.350162 -1.232269 -1.114375 -0.996482 -0.878588 -0.760695 -0.642802 -0.524909 -0.407016 -0.289122 -0.150766 0.002207 0.155181 0.308152 0.461126 0.614098 0.767072 0.920046 1.073018 1.225992 1.378963 1.473588 1.505837 1.538087 1.570337 1.602587 1.634838 1.667087 1.699338 1.731587 1.764934 1.804491 1.844050 1.883608 1.923166 1.962724 2.002282 2.041840 2.081398 2.120637 2.157010 2.193383 2.229757 2.266129 2.302503 2.338875 2.375249 2.411622 2.447995 2.401155 2.252605 2.104056 1.955509
mean 0.000019 0.000032 0.000061 0.000141 0.000329 0.000604 0.000928 0.001163 0.001244 0.001223 0.001174 0.001141 0.016559 0.018051 0.019114 0.019786 0.020315 0.020991 0.021920 0.022925 0.023628 0.023711 0.023199 0.022412 0.021673 0.021097 0.020620 0.020155 0.019677 0.019161 0.018501 0.017533 0.016186 0.014557 0.012843 0.011228 0.009825 0.008674 0.007761 0.007038 0.006445 0.005927 0.005450 0.004999 0.004561 0.004083 0.003444 0.002541 0.001512 0.000711 0.000286 0.000116 0.000054 0.000030 0.000019 0.000000 0.000000 0.000000 0.000000 0.000000 0.000000 0.000000
horizontal_exponent -2.319099 -2.319099 -2.319099 -2.319099 -2.319099 -2.319099 -2.319099 -2.319099 -2.319099 -2.319099 -2.319099 -2.319099 -2.345939 -2.366826 -2.383057 -2.395506 -2.404335 -2.408915 -2.407962 -2.399873 -2.383194 -2.357103 -2.321799 -2.278673 -2.230202 -2.179582 -2.130185 -2.084997 -2.046164 -2.014779 -1.990896 -1.973750 -1.962063 -1.954336 -1.949051 -1.944775 -1.940164 -1.933955 -1.924983 -1.912275 -1.895217 -1.873746 -1.848465 -1.820628 -1.791950 -1.764290 -1.739295 -1.718123 -1.701304 -1.688774 -1.680019 -1.674283 -1.670762 -1.668738 -1.667650 -1.667104 -1.666848 -1.666737 -1.666692 -1.666675 -1.666669 -1.666667
standard_deviation 1.000000 1.097581 1.221727 1.387040 1.500000 1.500000 1.500000 1.500000 1.500000 1.500000 1.500000 1.500000 2.754047 2.763827 2.741655 2.692374 2.629647 2.571301 2.530834 2.511038 2.505015 2.504021 2.505166 2.512014 2.528526 2.553546 2.581516 2.607435 2.629521 2.646835 2.655839 2.650857 2.627970 2.587706 2.534007 2.471626 2.404959 2.338648 2.278361 2.230689 2.202116 2.197413 2.218140 2.261797 2.320981 2.381207 2.418440 2.401196 2.301566 2.112028 1.856256 1.582377 1.339142 1.149629 1.000000 1.000000 1.000000 1.000000 1.000000 1.000000 1.000000 1.000000
fall_speed 0.800000 0.800000 0.800000 0.800000 0.800000 0.800000 0.800000 0.800000 0.800000 0.800000 0.800000 0.800000 0.800000 0.800000 0.800000 0.800000 0.800000 0.800000 0.800000 0.800000 0.800000 0.800000 0.800000 0.800000 0.800000 0.800000 0.800000 0.800000 0.800000 0.800000 0.800000 0.800000 0.800000 0.800000 0.800000 0.800000 0.800000 0.800000 0.800000 0.800000 0.800000 0.800000 0.800000 0.800000 0.800000 0.800000 0.800000 0.800000 0.800000 0.800000 0.800000 0.800000 0.800000 0.800000 0.800000 0.800000 0.800000 0.800000 0.800000 0.800000 0.800000 0.800000
