x_domain_size 200000
z_domain_size 7000
x_pixels 256
z_pixels 64
z_offset 4000
vertical_exponent -2
outer_scale 50000
lognormal_distribution
variable_name iwc
long_name Ice water content
units g m-3
output_filename iwc19990827.nc
generating_level 9200
threshold 0.001
interp_height 5369.999886 5429.999828 5489.999771 5549.999714 5610.000134 5670.000076 5730.000019 5789.999962 5849.999905 5909.999847 5969.999790 6029.999733 6090.000153 6150.000095 6210.000038 6269.999981 6329.999924 6389.999866 6449.999809 6509.999752 6569.999695 6630.000114 6690.000057 6750.000000 6809.999943 6869.999886 6929.999828 6989.999771 7049.999714 7110.000134 7170.000076 7230.000019 7289.999962 7349.999905 7409.999847 7469.999790 7529.999733 7590.000153 7649.999619 7710.000038 7769.999504 7829.999924 7890.000343 7949.999809 8010.000229 8069.999695 8130.000114 8189.999580 8250.000000 8309.999466 8369.999886 8430.000305 8489.999771 8550.000191 8609.999657 8670.000076 8729.999542 8789.999962 8850.000381 8909.999847 8970.000267 9029.999733 9090.000153 9149.999619 9210.000038 9269.999504 9329.999924 9390.000343 9449.999809 9510.000229 9569.999695 9630.000114 9689.999580 9750.000000 9809.999466
u_wind 10.569036 10.706189 10.843343 10.980496 11.117651 11.254804 11.391958 11.529111 11.666264 11.803418 11.947969 12.307082 12.666197 13.025310 13.384422 13.743535 14.102647 14.461760 14.820873 15.179985 15.539098 15.898213 16.257326 16.576414 16.872330 17.168247 17.464163 17.760079 18.055996 18.351915 18.647831 18.943747 19.239664 19.535580 19.831496 19.929191 19.912125 19.895058 19.877991 19.860924 19.843858 19.826791 19.809724 19.792658 19.775591 19.758525 19.750708 19.757773 19.764838 19.771903 19.778968 19.786033 19.793098 19.800163 19.807228 19.814294 20.100019 20.416713 20.733406 21.050094 21.366787 21.683475 22.000168 22.316856 22.633549 22.937245 23.236222 23.535198 23.834170 24.133146 24.432118 24.731095 25.030066 25.329043 25.628014
v_wind 2.629172 2.758385 2.887599 3.016812 3.146027 3.275240 3.404453 3.533667 3.662880 3.792093 3.921110 4.044416 4.167723 4.291030 4.414336 4.537642 4.660949 4.784255 4.907561 5.030868 5.154174 5.277481 5.400788 5.532556 5.669222 5.805889 5.942555 6.079222 6.215888 6.352556 6.489222 6.625889 6.762555 6.899222 7.035889 7.233946 7.467546 7.701147 7.934745 8.168347 8.401945 8.635546 8.869148 9.102746 9.336348 9.569945 9.788417 9.982545 10.176677 10.370805 10.564936 10.759068 10.953196 11.147328 11.341456 11.535587 11.499626 11.438098 11.376571 11.315044 11.253516 11.191989 11.130462 11.068935 11.007407 11.079751 11.200778 11.321804 11.442829 11.563855 11.684880 11.805906 11.926931 12.047957 12.168982
mean 0.000000 0.000000 0.000000 0.000000 0.000000 0.000000 0.000000 0.000000 0.004305 0.008565 0.016748 0.030191 0.046479 0.058744 0.069085 0.077367 0.083561 0.087740 0.090150 0.091229 0.091552 0.091756 0.092492 0.094367 0.097773 0.102570 0.107792 0.111811 0.113161 0.111404 0.107208 0.101716 0.096009 0.090890 0.086808 0.083803 0.081510 0.079302 0.076542 0.072831 0.068130 0.062693 0.056900 0.051090 0.045470 0.040132 0.035126 0.030512 0.026354 0.022692 0.019520 0.016804 0.014504 0.012588 0.011027 0.009786 0.008824 0.008092 0.007544 0.007141 0.006838 0.006559 0.006162 0.005459 0.004369 0.003084 0.001960 0.000000 0.000000 0.000000 0.000000 0.000000 0.000000 0.000000 0.000000
horizontal_exponent -1.666667 -1.666667 -1.666667 -1.666667 -1.666667 -1.666667 -1.666667 -1.666667 -1.666667 -1.666667 -1.666667 -1.666667 -1.666667 -1.666667 -1.666667 -1.666667 -1.666667 -1.666667 -1.666667 -1.666667 -1.666667 -1.666667 -1.666667 -1.666667 -1.666667 -1.666667 -1.666667 -1.666667 -1.666667 -1.666667 -1.666667 -1.666667 -1.666667 -1.666667 -1.666667 -1.666667 -1.666667 -1.666667 -1.666667 -1.666667 -1.666667 -1.666667 -1.666667 -1.666667 -1.666667 -1.666667 -1.666667 -1.666667 -1.666667 -1.666667 -1.666667 -1.666667 -1.666667 -1.666667 -1.666667 -1.666667 -1.666667 -1.666667 -1.666667 -1.666667 -1.666667 -1.666667 -1.666667 -1.666667 -1.666667 -1.666667 -1.666667 -1.666667 -1.666667 -1.666667 -1.666667 -1.666667 -1.666667 -1.666667 -1.666667
standard_deviation 1.000000 1.000000 1.000000 1.000000 1.000000 1.000000 1.000000 1.000000 1.500000 1.500000 1.500000 1.500000 1.500000 1.500000 1.500000 1.500000 1.500000 1.500000 1.500000 1.670650 1.693825 1.727435 1.774809 1.836981 1.911244 1.989968 2.061442 2.113816 2.140063 2.140181 2.119473 2.085409 2.045774 2.007927 1.977514 1.956595 1.942974 1.931804 1.918250 1.899202 1.873349 1.840431 1.800604 1.754081 1.700940 1.641263 1.575715 1.506086 1.435047 1.365006 1.296927 1.230111 1.163137 1.095194 1.026956 0.960817 0.900652 0.851003 0.815490 0.795145 0.788115 0.791352 0.802856 0.822283 0.849404 0.882178 0.916388 1.000000 1.000000 1.000000 1.000000 1.000000 1.000000 1.000000 1.000000
fall_speed 0.800000 0.800000 0.800000 0.800000 0.800000 0.800000 0.800000 0.800000 0.800000 0.800000 0.800000 0.800000 0.800000 0.800000 0.800000 0.800000 0.800000 0.800000 0.800000 0.800000 0.800000 0.800000 0.800000 0.800000 0.800000 0.800000 0.800000 0.800000 0.800000 0.800000 0.800000 0.800000 0.800000 0.800000 0.800000 0.800000 0.800000 0.800000 0.800000 0.800000 0.800000 0.800000 0.800000 0.800000 0.800000 0.800000 0.800000 0.800000 0.800000 0.800000 0.800000 0.800000 0.800000 0.800000 0.800000 0.800000 0.800000 0.800000 0.800000 0.800000 0.800000 0.800000 0.800000 0.800000 0.800000 0.800000 0.800000 0.800000 0.800000 0.800000 0.800000 0.800000 0.800000 0.800000 0.800000
