x_domain_size 200000
z_domain_size 7000
x_pixels 256
z_pixels 64
z_offset 4000
vertical_exponent -2
outer_scale 70000
lognormal_distribution
variable_name iwc
long_name Ice water content
units g m-3
output_filename iwc19990717.nc
generating_level 9000
threshold 0.001
interp_height 6389.999866 6449.999809 6509.999752 6569.999695 6630.000114 6690.000057 6750.000000 6809.999943 6869.999886 6929.999828 6989.999771 7049.999714 7110.000134 7170.000076 7230.000019 7289.999962 7349.999905 7409.999847 7469.999790 7529.999733 7590.000153 7649.999619 7710.000038 7769.999504 7829.999924 7890.000343 7949.999809 8010.000229 8069.999695 8130.000114 8189.999580 8250.000000 8309.999466 8369.999886 8430.000305 8489.999771 8550.000191 8609.999657 8670.000076 8729.999542 8789.999962 8850.000381 8909.999847 8970.000267 9029.999733 9090.000153 9149.999619 9210.000038 9269.999504 9329.999924 9390.000343 9449.999809 9510.000229 9569.999695 9630.000114 9689.999580 9750.000000 9809.999466 9869.999886 9930.000305 9989.999771 10050.000191 10109.999657 10170.000076 10229.999542 10289.999962 10350.000381 10409.999847 10470.000267 10529.999733 10590.000153 10649.999619 10710.000038 10769.999504 10829.999924 10890.000343 10949.999809
u_wind 11.697754 11.739665 11.781576 11.823487 11.865398 11.907310 11.949221 11.979017 12.005125 12.031234 12.057343 12.083452 12.109561 12.135669 12.161778 12.187887 12.213996 12.240105 12.266213 12.159836 12.023716 11.887598 11.751478 11.615359 11.479239 11.343119 11.207000 11.070880 10.934762 10.798642 10.749824 10.748016 10.746207 10.744399 10.742590 10.740782 10.738973 10.737165 10.735356 10.761613 10.872071 10.982529 11.092985 11.203443 11.313899 11.424357 11.534813 11.645271 11.757479 11.881082 12.004685 12.128286 12.251889 12.375490 12.499093 12.622694 12.746297 12.869898 13.020049 13.207370 13.394688 13.582009 13.769326 13.956647 14.143965 14.331286 14.518606 14.705924 14.894546 15.120904 15.347265 15.573623 15.799984 16.026341 16.252703 16.479064 16.705421
v_wind 5.359233 5.497644 5.636056 5.774468 5.912880 6.051292 6.189704 6.175166 6.114078 6.052990 5.991903 5.930815 5.869727 5.808639 5.747551 5.686463 5.625375 5.564287 5.503200 5.346975 5.169392 4.991812 4.814228 4.636648 4.459064 4.281481 4.103901 3.926317 3.748737 3.571153 3.404448 3.243596 3.082746 2.921894 2.761042 2.600192 2.439340 2.278490 2.117638 1.978929 1.906644 1.834358 1.762073 1.689788 1.617503 1.545217 1.472933 1.400647 1.356963 1.499194 1.641424 1.783653 1.925884 2.068112 2.210343 2.352572 2.494803 2.637031 2.722929 2.729960 2.736990 2.744021 2.751051 2.758082 2.765112 2.772143 2.779173 2.786204 2.786562 2.593459 2.400352 2.207248 2.014141 1.821037 1.627930 1.434824 1.241720
mean 0.000000 0.000000 0.000000 0.000000 0.000591 0.000778 0.001096 0.001698 0.002805 0.004629 0.007208 0.010331 0.013747 0.017361 0.020572 0.022134 0.023907 0.026096 0.028715 0.041029 0.044810 0.048301 0.051092 0.052708 0.052868 0.051679 0.049571 0.047055 0.044522 0.042195 0.040174 0.038481 0.037070 0.035849 0.034715 0.033602 0.032506 0.031491 0.030642 0.030022 0.029613 0.029305 0.028935 0.028384 0.027630 0.026711 0.025621 0.024269 0.022546 0.020440 0.018083 0.015693 0.013443 0.011379 0.009424 0.007473 0.005529 0.003773 0.002423 0.001545 0.001039 0.000760 0.000591 0.000000 0.000000 0.000000 0.000000 0.000000 0.000000 0.000000 0.000000 0.000000 0.000000 0.000000 0.000000 0.000000 0.000000
horizontal_exponent -1.666667 -1.666667 -1.666667 -1.666667 -1.666667 -1.666667 -1.666667 -1.666667 -1.666667 -1.666667 -1.666667 -1.666667 -1.666667 -1.666667 -1.666667 -1.666667 -1.666667 -1.666667 -1.666667 -1.666667 -1.666667 -1.666667 -1.666667 -1.666667 -1.666667 -1.666667 -1.666667 -1.666667 -1.666667 -1.666667 -1.666667 -1.666667 -1.666667 -1.666667 -1.666667 -1.666667 -1.666667 -1.666667 -1.666667 -1.666667 -1.666667 -1.666667 -1.666667 -1.666667 -1.666667 -1.666667 -1.666667 -1.666667 -1.666667 -1.666667 -1.666667 -1.666667 -1.666667 -1.666667 -1.666667 -1.666667 -1.666667 -1.666667 -1.666667 -1.666667 -1.666667 -1.666667 -1.666667 -1.666667 -1.666667 -1.666667 -1.666667 -1.666667 -1.666667 -1.666667 -1.666667 -1.666667 -1.666667 -1.666667 -1.666667 -1.666667 -1.666667
standard_deviation 1.209965 1.209965 1.209965 1.209965 1.209965 1.233439 1.262962 1.302055 1.351326 1.410251 1.479113 1.500000 1.500000 1.500000 1.500000 1.500000 1.500000 1.500000 1.500000 2.037208 2.058380 2.077213 2.089196 2.087387 2.067398 2.030651 1.983931 1.936079 1.894517 1.863576 1.844698 1.837345 1.839813 1.849776 1.864582 1.881453 1.898025 1.913376 1.928541 1.945246 1.963371 1.979801 1.990288 1.992437 1.986382 1.972759 1.950815 1.918727 1.875116 1.819996 1.754824 1.682081 1.604440 1.523811 1.441216 1.357850 1.276291 1.200575 1.135052 1.082900 1.044946 1.019010 1.000000 1.000000 1.000000 1.000000 1.000000 1.000000 1.000000 1.000000 1.000000 1.000000 1.000000 1.000000 1.000000 1.000000 1.000000
fall_speed 0.800000 0.800000 0.800000 0.800000 0.800000 0.800000 0.800000 0.800000 0.800000 0.800000 0.800000 0.800000 0.800000 0.800000 0.800000 0.800000 0.800000 0.800000 0.800000 0.800000 0.800000 0.800000 0.800000 0.800000 0.800000 0.800000 0.800000 0.800000 0.800000 0.800000 0.800000 0.800000 0.800000 0.800000 0.800000 0.800000 0.800000 0.800000 0.800000 0.800000 0.800000 0.800000 0.800000 0.800000 0.800000 0.800000 0.800000 0.800000 0.800000 0.800000 0.800000 0.800000 0.800000 0.800000 0.800000 0.800000 0.800000 0.800000 0.800000 0.800000 0.800000 0.800000 0.800000 0.800000 0.800000 0.800000 0.800000 0.800000 0.800000 0.800000 0.800000 0.800000 0.800000 0.800000 0.800000 0.800000 0.800000
